 <pre>

 Contingency table for Cloud cover (octas)
 Selection: ALL    588 stations
Period: 20190801-20190810
Used {00,06,12,18} + 01 02 ... 12
 Limits   0.500000000       1.50000000       2.50000000       3.50000000       4.50000000       5.50000000       6.50000000       7.50000000    
 Each class is data <= limit, the very last > last limit
 Total number of values      238264
                                                       OBSERVATION
                                  18109     4481     3568     2640     1723     2200     2460     3395     3763 |     42339
                                   3139     1177     1085      981      717     1085     1310     2081     2180 |     13755
                                   1628      720      624      616      473      712      957     1461     1487 |      8678
                                   1315      565      542      485      448      583      813     1290     1311 |      7352
               Exp0_cy43_ref_z     1284      526      425      553      407      637      778     1376     1350 |      7336
                                   1359      566      518      523      443      688      896     1625     1484 |      8102
                                   1733      698      600      670      571      852     1167     2180     2151 |     10622
                                   2668     1115      914      978      850     1466     1897     3991     4120 |     17999
                                   7328     4009     2915     3786     3010     5775     9480    32332    53446 |    122081

                    SUM           38563    13857    11191    11232     8642    13998    19758    49731    71292 |    238264
                                                       OBSERVATION
                                  18084     4474     3563     2594     1731     2139     2405     3367     3772 |     42129
                                   3111     1220     1075      945      733     1052     1388     2038     2145 |     13707
                                   1721      672      620      620      490      674      909     1504     1509 |      8719
                                   1308      550      518      531      444      661      713     1315     1304 |      7344
        NetA_cy43_iobs_roel_v1     1268      572      426      501      417      646      804     1334     1351 |      7319
                                   1314      559      526      527      440      669      925     1632     1609 |      8201
                                   1723      727      578      639      568      927     1188     2244     2138 |     10732
                                   2580     1093      904     1089      851     1395     1991     4109     4176 |     18188
                                   7454     3990     2981     3786     2968     5835     9435    32188    53288 |    121925

                    SUM           38563    13857    11191    11232     8642    13998    19758    49731    71292 |    238264
                                                       OBSERVATION
                                  18052     4452     3609     2610     1756     2143     2463     3424     3811 |     42320
                                   3258     1236     1069      956      704     1114     1382     2120     2150 |     13989
                                   1587      722      666      618      483      764      891     1467     1518 |      8716
                                   1348      534      522      549      412      578      775     1292     1242 |      7252
       NetA_cy43_iobs_paulo_v1     1296      554      418      562      417      615      804     1333     1352 |      7351
                                   1258      567      526      516      465      682      895     1605     1550 |      8064
                                   1715      712      600      635      564      879     1149     2271     2148 |     10673
                                   2587     1122      881     1020      865     1374     1906     4026     4216 |     17997
                                   7462     3958     2900     3766     2976     5849     9493    32193    53305 |    121902

                    SUM           38563    13857    11191    11232     8642    13998    19758    49731    71292 |    238264

