 <pre>

 Contingency table for Cloud cover (octas)
 Selection: masl_0-200m    522 stations
Period: 20190801-20190810
Used {00,06,12,18} + 01 02 ... 12
 Limits   0.500000000       1.50000000       2.50000000       3.50000000       4.50000000       5.50000000       6.50000000       7.50000000    
 Each class is data <= limit, the very last > last limit
 Total number of values      212246
                                                       OBSERVATION
                                  16758     4101     3202     2374     1577     1997     2217     3089     3043 |     38358
                                   2876     1082      971      880      666      997     1152     1878     1790 |     12292
                                   1497      666      554      560      438      639      855     1333     1246 |      7788
                                   1191      524      490      439      410      535      720     1178     1098 |      6585
               Exp0_cy43_ref_z     1168      477      395      495      376      571      688     1249     1132 |      6551
                                   1246      506      467      471      403      638      813     1496     1254 |      7294
                                   1568      644      544      603      523      782     1048     1994     1787 |      9493
                                   2462     1009      844      900      786     1364     1708     3623     3491 |     16187
                                   6716     3702     2679     3452     2724     5251     8435    29396    45343 |    107698

                    SUM           35482    12711    10146    10174     7903    12774    17636    45236    60184 |    212246
                                                       OBSERVATION
                                  16727     4105     3203     2335     1586     1937     2164     3060     3014 |     38131
                                   2848     1119      973      847      670      957     1217     1856     1780 |     12267
                                   1571      614      561      556      449      612      788     1376     1244 |      7771
                                   1194      501      461      484      400      609      640     1169     1076 |      6534
        NetA_cy43_iobs_roel_v1     1146      536      382      446      384      588      717     1223     1117 |      6539
                                   1221      512      473      473      399      615      819     1482     1346 |      7340
                                   1582      656      524      597      525      851     1057     2052     1793 |      9637
                                   2397      990      826      984      787     1289     1800     3716     3518 |     16307
                                   6796     3678     2743     3452     2703     5316     8434    29302    45296 |    107720

                    SUM           35482    12711    10146    10174     7903    12774    17636    45236    60184 |    212246
                                                       OBSERVATION
                                  16679     4074     3244     2356     1601     1942     2209     3128     3114 |     38347
                                   3003     1128      970      860      655     1014     1208     1920     1790 |     12548
                                   1445      669      603      553      451      695      776     1342     1265 |      7799
                                   1230      498      454      490      374      530      700     1174     1055 |      6505
       NetA_cy43_iobs_paulo_v1     1169      507      375      508      383      558      724     1223     1128 |      6575
                                   1171      522      476      467      420      631      796     1453     1303 |      7239
                                   1585      651      539      583      521      820     1022     2047     1816 |      9584
                                   2378     1015      817      910      797     1277     1726     3648     3549 |     16117
                                   6822     3647     2668     3447     2701     5307     8475    29301    45164 |    107532

                    SUM           35482    12711    10146    10174     7903    12774    17636    45236    60184 |    212246

